{"nbformat":4,"nbformat_minor":0,"metadata":{"colab":{"provenance":[],"authorship_tag":"ABX9TyOMlSv22PUwCohf3kn0YBWO"},"kernelspec":{"name":"python3","display_name":"Python 3"},"language_info":{"name":"python"}},"cells":[{"cell_type":"code","execution_count":1,"metadata":{"colab":{"base_uri":"https://localhost:8080/"},"id":"vQRLPiuBwH5i","executionInfo":{"status":"ok","timestamp":1750161526290,"user_tz":-330,"elapsed":468,"user":{"displayName":"Roshini G","userId":"10547154288944793042"}},"outputId":"151096ed-5683-41aa-e887-666347982060"},"outputs":[{"output_type":"stream","name":"stdout","text":["[[2 2 5]\n"," [5 6 7]\n"," [9 7 8]]\n","transpose [[2 5 9]\n"," [2 6 7]\n"," [5 7 8]]\n","inverse [[ 0.01960784 -0.37254902  0.31372549]\n"," [-0.45098039  0.56862745 -0.21568627]\n"," [ 0.37254902 -0.07843137 -0.03921569]]\n","determinant -50.99999999999997\n","rank 3\n","matrix multiplication [[ 30  54  42]\n"," [ 71 109  87]\n"," [ 92 142 123]]\n","eigen values,eigen vectors: EigResult(eigenvalues=array([17.43797374, -2.57414019,  1.13616645]), eigenvectors=array([[-0.31671827, -0.69280884,  0.46179681],\n","       [-0.59199962, -0.16843416, -0.84817995],\n","       [-0.74109782,  0.70117462,  0.25948887]]))\n","singluar value decomposition SVDResult(U=array([[-0.29580116, -0.7763544 , -0.55657481],\n","       [-0.57423323, -0.32110695,  0.75309131],\n","       [-0.76338579,  0.54236904, -0.35082469]]), S=array([18.15120613,  2.50514844,  1.1215825 ]), Vh=array([[-0.56928672, -0.51680876, -0.63939138],\n","       [ 0.68781465,  0.12663232, -0.71475539],\n","       [-0.45035946,  0.84668351, -0.28337853]]))\n"]}],"source":["15#linear algebra functions\n","import numpy as np\n","A=np.array([[2,2,5],[5,6,7],[9,7,8]])\n","B=np.array([[3,5,7],[7,7,4],[2,6,4]])\n","print(A)\n","print(\"transpose\",A.T)\n","print(\"inverse\",np.linalg.inv(A))\n","print(\"determinant\",np.linalg.det(A))\n","print(\"rank\",np.linalg.matrix_rank(A))\n","print(\"matrix multiplication\",np.dot(A,B))\n","print(\"eigen values,eigen vectors:\",np.linalg.eig(A))\n","print(\"singluar value decomposition\",np.linalg.svd(A))\n","\n"]}]}